0 0.745034 0.332304 0.005084 0.004128 0.835496
0 0.968728 0.595260 0.003174 0.003082 0.813302
0 0.892867 0.524390 0.003419 0.002798 0.777246
0 0.928305 0.521643 0.002729 0.002470 0.771959
0 0.699473 0.282486 0.002106 0.001536 0.755884
0 0.929585 0.536570 0.003149 0.002289 0.718926
0 0.874812 0.492942 0.001934 0.001550 0.717217
0 0.293050 0.962035 0.002587 0.002013 0.714064
0 0.870399 0.734367 0.003026 0.002492 0.713751
0 0.739939 0.330235 0.002774 0.003272 0.692156
0 0.097191 0.467259 0.003455 0.003164 0.674493
0 0.038080 0.634782 0.003941 0.004595 0.668789
0 0.745839 0.312607 0.003069 0.002835 0.663411
0 0.110505 0.501515 0.002200 0.002081 0.659093
0 0.134795 0.905901 0.004101 0.003627 0.648779
0 0.095821 0.462634 0.001916 0.001991 0.648652
0 0.935784 0.540127 0.002381 0.002496 0.630308
0 0.964460 0.665021 0.001721 0.001430 0.626421
0 0.085086 0.589436 0.002247 0.002062 0.619355
0 0.736734 0.339928 0.001774 0.001636 0.609066
0 0.243714 0.302164 0.002749 0.002547 0.607790
0 0.083232 0.685522 0.003392 0.002919 0.607359
0 0.873569 0.539632 0.002770 0.003757 0.604588
0 0.874968 0.539615 0.003495 0.002550 0.604039
0 0.924021 0.480531 0.002090 0.002419 0.603130
0 0.964575 0.582210 0.002079 0.002164 0.601376
0 0.402442 0.938374 0.002294 0.002474 0.594506
0 0.175074 0.806419 0.002326 0.002388 0.592590
0 0.098640 0.787686 0.003020 0.002795 0.569529
0 0.875156 0.489678 0.002796 0.002076 0.564842
0 0.697173 0.279817 0.002731 0.002771 0.558341
0 0.357685 0.446734 0.003352 0.003959 0.553922
0 0.500390 0.255550 0.003013 0.002518 0.551937
0 0.082687 0.691004 0.003233 0.003698 0.530089
0 0.942931 0.506011 0.001591 0.001571 0.526577
0 0.893798 0.641235 0.002530 0.002671 0.522484
0 0.749024 0.330199 0.001594 0.001662 0.513306
0 0.563266 0.944734 0.003532 0.003028 0.508433
0 0.055513 0.667596 0.001443 0.001581 0.507010
