0 0.305412 0.077045 0.002908 0.002617 0.761287
0 0.760095 0.951494 0.002759 0.003044 0.670085
0 0.641630 0.822709 0.001917 0.001937 0.620671
0 0.626740 0.069068 0.001977 0.001894 0.612111
0 0.798361 0.953391 0.003255 0.002879 0.604866
0 0.077637 0.762443 0.002552 0.002539 0.580672
0 0.857595 0.763246 0.002627 0.002343 0.555609
0 0.297618 0.789761 0.001602 0.001356 0.538609
0 0.280716 0.831901 0.002001 0.002000 0.535953
0 0.596023 0.062696 0.001729 0.001848 0.521129
0 0.043277 0.573788 0.002277 0.001941 0.517890
0 0.527482 0.046567 0.002659 0.002315 0.501037
