0 0.340894 0.223417 0.002929 0.002911 0.797722
0 0.419697 0.040512 0.002038 0.001820 0.761400
0 0.933670 0.163508 0.002266 0.002401 0.696401
0 0.523470 0.687982 0.003332 0.002954 0.690013
0 0.644275 0.141970 0.002470 0.002271 0.668137
0 0.457235 0.706423 0.002753 0.002564 0.665584
0 0.397888 0.053968 0.005110 0.003448 0.631046
0 0.807497 0.324828 0.002240 0.002007 0.613424
0 0.485432 0.857066 0.001699 0.002116 0.597869
0 0.874617 0.046429 0.002661 0.002568 0.594039
0 0.163492 0.764052 0.002634 0.002339 0.593513
0 0.388045 0.057812 0.001693 0.002223 0.587180
0 0.250657 0.291899 0.002419 0.002235 0.584390
0 0.812812 0.707828 0.002284 0.002111 0.583650
0 0.161581 0.256343 0.002459 0.002169 0.581430
0 0.407109 0.232569 0.002361 0.002181 0.576303
0 0.916058 0.200470 0.002142 0.002171 0.566360
0 0.812632 0.091921 0.002528 0.002709 0.565924
0 0.004125 0.772795 0.002107 0.001342 0.565513
0 0.754508 0.619953 0.002444 0.002078 0.562800
0 0.124663 0.740520 0.001805 0.001717 0.553365
0 0.664953 0.228657 0.002036 0.002441 0.550196
0 0.487050 0.111819 0.002684 0.002588 0.535468
0 0.917455 0.419271 0.002181 0.002248 0.530523
0 0.154956 0.206496 0.002655 0.002221 0.529163
0 0.111378 0.775273 0.001256 0.001520 0.515562
