0 0.686552 0.152467 0.002165 0.001806 0.770380
0 0.705802 0.862985 0.002165 0.002369 0.725897
0 0.664711 0.124019 0.001969 0.001861 0.660417
0 0.630971 0.190175 0.002842 0.002730 0.634795
0 0.684129 0.142511 0.001939 0.002141 0.625079
0 0.544237 0.881958 0.001591 0.001570 0.617900
0 0.645423 0.209657 0.002947 0.003250 0.615587
0 0.637329 0.161214 0.001817 0.001979 0.612597
0 0.554231 0.476847 0.001892 0.002222 0.587868
0 0.746574 0.864228 0.002363 0.002425 0.583177
0 0.909025 0.172440 0.002055 0.001914 0.575025
0 0.675383 0.141910 0.001947 0.002326 0.567610
0 0.839754 0.470579 0.002317 0.002078 0.566363
0 0.667443 0.625859 0.001949 0.001894 0.561215
0 0.804051 0.203765 0.002258 0.002306 0.552263
0 0.951134 0.172074 0.002085 0.001994 0.545580
0 0.658335 0.336079 0.002471 0.002307 0.541265
0 0.974215 0.233983 0.001751 0.001730 0.538880
0 0.599804 0.430168 0.001887 0.002605 0.535166
0 0.598153 0.187701 0.002269 0.001982 0.530126
0 0.542335 0.111972 0.001864 0.001846 0.526010
0 0.761631 0.856382 0.001917 0.002399 0.525758
0 0.657608 0.615521 0.002017 0.002838 0.519974
0 0.616721 0.192146 0.001984 0.001905 0.518244
0 0.569076 0.780567 0.001663 0.001596 0.513646
0 0.702223 0.627236 0.002090 0.001635 0.511649
0 0.646207 0.360526 0.001483 0.001438 0.511563
0 0.678752 0.733714 0.001891 0.001753 0.510212
0 0.812320 0.493446 0.001801 0.001558 0.505524
