0 0.134877 0.548175 0.004524 0.003926 0.814263
0 0.062972 0.439523 0.002263 0.002255 0.732530
0 0.042582 0.380287 0.002603 0.002147 0.704769
0 0.216953 0.634725 0.002446 0.002149 0.703480
0 0.145580 0.561797 0.004130 0.004627 0.695185
0 0.357345 0.170758 0.004381 0.005091 0.695101
0 0.177970 0.482798 0.002972 0.002842 0.693113
0 0.865178 0.510726 0.001859 0.002058 0.686600
0 0.911356 0.432024 0.003680 0.003077 0.673146
0 0.069662 0.430903 0.002306 0.002260 0.653824
0 0.725270 0.674586 0.002609 0.002995 0.645385
0 0.608408 0.697696 0.001854 0.002211 0.641655
0 0.920821 0.386290 0.002393 0.002891 0.626668
0 0.863623 0.451123 0.005457 0.004745 0.622936
0 0.102117 0.122419 0.001646 0.002180 0.617250
0 0.116114 0.526203 0.001507 0.001505 0.614330
0 0.040321 0.319402 0.002408 0.001494 0.605077
0 0.055027 0.341765 0.006681 0.004975 0.598878
0 0.897128 0.460592 0.002274 0.001966 0.585039
0 0.221493 0.650480 0.002263 0.001817 0.582268
0 0.718130 0.682736 0.002223 0.002650 0.582152
0 0.241603 0.622396 0.002085 0.001649 0.572706
0 0.101070 0.505837 0.002271 0.001833 0.553822
0 0.106416 0.131363 0.001666 0.001805 0.549333
0 0.046263 0.376931 0.001848 0.001809 0.547061
0 0.078948 0.173210 0.003843 0.003821 0.545217
0 0.047753 0.355556 0.004220 0.003926 0.539310
0 0.097466 0.137578 0.002309 0.001870 0.536693
0 0.075974 0.430204 0.001471 0.001229 0.526801
0 0.105339 0.128572 0.001701 0.002111 0.524117
0 0.113682 0.529825 0.005666 0.004128 0.510192
0 0.114070 0.110239 0.002804 0.002308 0.510059
0 0.884675 0.483298 0.001834 0.002201 0.505324
0 0.103372 0.426763 0.002661 0.002522 0.502300
